864394
454246
92877
277528
94542
777508
889311
330238
708356
322665
775991
633242
721648
680538
883746
995628
48265
337392
592931
260743
67068
5944
43311
504018
434986
460563
340721
985353
712358
221559
510599
950458
488568
473580
144387
994185
807453
808272
542379
272684
540100
200980
545657
474160
290514
418429
249691
827378
757279
152228
247156
450407
693623
62774
367001
933845
815003
774452
844629
166039
522557
494260
730086
388700
799495
835998
792638
273193
156821
657136
565443
521939
489654
68411
144591
573189
73454
197924
742897
133632
64503
160803
190826
6998
517756
492423
577392
33646
359773
885361
100399
333892
145134
902420
470787
654630
374711
513787
112127
769272
695734
995459
812009
42544
499864
586333
238075
692186
279876
412174
647716
149910
540304
779054
36485
188821
888777
991788
197045
793503
972208
156488
733309
436240
942200
832024
9884
201943
711817
42820
511556
245942
700800
865482
891804
526405
339308
787002
829500
123822
133586
632635
328436
740786
802154
761092
509317
301283
108832
497636
668582
734312
798933
936635
739521
824060
904923
941631
282419
789743
839164
235512
840015
292387
77683
811459
883740
905297
532721
655507
67731
728258
585818
27051
585826
592598
871238
555622
61931
828096
978049
514223
350725
522439
775626
457929
937018
895559
329879
649993
663879
646318
221584
304022
120864
803200
168464
519152
495849
580180
459432
965926
312638
281812
860379
843103
816940
860929
106851
883986
354038
74732
347754
170958
977041
551614
856273
327347
354728
903409
208237
455798
863897
981589
985733
351713
973813
11084
427990
49168
290628
355662
451535
412405
905791
546342
941270
830486
531540
490291
821121
453066
420134
557608
727133
713919
422666
488204
976554
842551
552395
635067
676700
904902
966951
507491
530908
623510
586064
392519
616453
992931
394220
50816
437480
285376
690645
138231
794121
11472
159514
54316
147936
49741
887164
967539
742040
596228
453937
853105
217555
577751
42596
310435
628132
495994
231859
757656
692820
124471
93744
922034
995998
181674
401889
244841
458418
278981
74305
561159
111926
779213
468796
788525
333888
24411
658550
952013
418078
707485
429573
894574
838670
572434
94130
876843
457414
873233
353852
603892
194477
165059
811158
686860
35872
305124
697956
949449
475566
232838
576513
882391
475036
672398
565500
848437
545634
196725
557846
718198
57388
857288
566790
875330
986586
400808
543285
845202
155712
469771
206403
903608
838823
783098
423552
308949
30987
260049
685043
34784
206363
66498
862551
671142
187195
149714
283161
145860
255173
240794
164763
7983
525636
902471
773428
301805
629687
618714
691630
711961
986836
929769
226566
979427
348867
223516
569008
617357
225183
896049
972880
319919
128376
812217
259522
703668
345108
684313
244243
770779
661929
877962
720902
675959
575844
103513
266704
727663
74534
284007
309916
278975
749314
493738
545991
914165
334912
491370
416357
168500
73244
659077
382203
609461
733640
229676
625347
32833
92646
800419
474923
282424
463375
265989
453461
398478
40911
91774
179929
819273
871462
243471
216063
395268
772488
674766
343557
903342
679838
962659
247199
824203
433667
300428
330034
689714
274312
285593
61720
500430
460977
229361
888672
897949
633461
482700
796682
739188
255746
644150
246671
388473
359799
456658
307991
961000
240168
328021
492737
673295
284893
351495
328671
882705
662995
880710
378935
430822
16954
997826
684739
384730
401333
397058
704306
467530
193373
136669
912229
698154
53311
650178
858418
650753
282521
352305
600228
83371
289057
999359
623226
677719
323966
160982
167780
496774
845132
183987
495113
877266
373661
816743
596099
945637
621107
551254
675361
532029
178695
789370
234340
646383
444740
661345
457795
934369
720781
664491
474279
597006
619379
703885
415855
901126
149120
494481
707950
157291
16815
947156
433768
350069
676529
18374
879129
587945
441581
213357
552376
934321
82147
22985
452867
488404
468883
210881
680215
483089
756416
264479
641872
818654
471038
565859
55452
159651
305975
554493
791615
98107
696103
419284
151887
788470
409569
377347
712249
751066
832136
39063
425914
594141
769110
486995
746790
551980
140633
76652
151013
68647
620400
999756
52593
619875
381458
848403
641562
224039
891464
909010
599682
609392
360367
432270
861921
816173
909879
239619
747073
160003
632486
953246
289859
695690
298965
947906
270041
177422
82545
28548
336842
769615
877820
14447
809265
610561
497354
57025
920510
32525
594181
344043
90740
634574
564137
246293
590185
655317
326152
534872
440457
973029
188615
512834
398036
340088
651231
712854
746139
441465
296925
345354
307718
249031
70115
46535
549905
523704
801061
450540
262154
420820
128236
544842
206549
46549
462358
682089
592169
347054
836116
379202
103441
141377
53611
293188
563947
548519
49204
201680
15276
853293
382364
131516
795546
926161
204005
172180
869264
721417
96611
789716
443902
853756
62271
309359
99878
703814
453815
800203
428704
852600
763036
616130
610583
921622
638995
207715
717706
713048
406869
655983
608332
780586
406703
215004
546629
398508
177410
162134
278254
838386
690052
915257
224856
425221
77629
613784
359910
286624
435275
228730
453583
147572
542815
361751
141853
490405
821566
57183
545648
145802
271233
139123
201660
539889
743125
85610
260103
732824
29819
834317
916844
593205
483721
780572
509594
567280
99431
63431
524757
846115
223571
417461
776820
258721
949533
943169
88226
686252
365420
882168
428766
915133
589048
507356
682619
658753
393934
345828
5984
944662
269903
410362
845064
620561
812464
451836
897283
308283
34491
728827
441780
95312
588365
154367
879313
128895
710103
992896
146022
845677
729245
323503
53395
624114
227130
340459
436617
195546
990490
485452
516176
391717
260862
773724
493892
540743
902395
915225
903252
211369
258747
346356
230978
310758
248187
114709
871077
752079
889548
838037
546346
32615
709906
970946
833295
82920
812424
720095
641958
776124
567865
688929
602520
282245
511368
887859
439712
828566
670250
11443
224971
755767
228135
502963
674239
689125
5468
311865
556721
136655
149244
627455
661805
358170
442378
334259
712978
861855
146208
385912
651283
909672
499244
638692
156791
457526
159214
119808
338906
296958
502011
919371
410538
213607
253117
62135
407915
638029
386097
777578
788083
502017
521447
171902
399727
919047
756293
650626
7900
836631
630020
710583
417487
447517
45106
486419
798190
224121
938479
174850
993332
195327
896368
28832
542768
904247
564159
934528
439302
932063
577784
267048
111597
340196
24013
329298
747440
117293
786628
847917
437166
512016
32372
81178
293210
157019
353227
914544
742203
906956
921419
161849
575725
627545
431944
260530
75358
1513
311852
983630
953937
11673
204723
906355
829919
870585
398255
717692
579505
402188
621189
130550
447303
54667
980206
964707
423988
114914
942264
398458
735136
521585
456834
560613
146117
101197
607427
938753
960050
599357
112004
927458
409931
298877
905505
323596
231303
134334
