727133
343557
747073
682619
289057
144387
650753
688929
149120
340088
833295
300428
832024
646318
258747
852600
131516
545648
456834
710583
77629
226566
392519
953937
278981
960050
632635
188615
609461
156488
355662
146208
497636
348867
838670
641562
646383
423988
655507
328436
74305
569008
532029
937018
800203
888777
555622
43311
853756
284893
308283
888672
5944
821566
123822
451836
994185
429573
684313
228730
829500
57388
493892
208237
561159
712854
836116
973029
307991
136655
769272
305975
5468
260103
658550
393934
206549
713919
112127
903252
647716
285593
492423
385912
490405
96611
151013
811158
708356
18374
896049
453583
493738
166039
717706
977041
28548
