5468
5944
18374
28548
43311
57388
74305
77629
96611
112127
123822
131516
136655
144387
146208
149120
151013
156488
166039
188615
206549
208237
226566
228730
258747
260103
278981
284893
285593
289057
300428
305975
307991
308283
328436
340088
343557
348867
355662
385912
392519
393934
423988
429573
451836
453583
456834
490405
492423
493738
493892
497636
532029
545648
555622
561159
569008
609461
632635
641562
646318
646383
647716
650753
655507
658550
682619
684313
688929
708356
710583
712854
713919
717706
727133
747073
769272
800203
811158
821566
829500
832024
833295
836116
838670
852600
853756
888672
888777
896049
903252
937018
953937
960050
973029
977041
994185
